0.17759159
1.0268751
0.21412908
0.067589566
0.037360746
0.029099481
0.03285044
0.027823621
0.039149933
0.047253974
0.040087737
0.051826272
0.043572918
0.061492663
0.051653925
0.061162222
0.05044004
0.08356735
0.05342719
0.03433192
0.070778966
0.06341955
0.05875118
0.06963814
0.067830406
0.09063044
0.07915582
0.06480593
0.08929612
0.105431184
0.0851651
0.08085887
0.0983418
0.083115436
0.09521815
0.07951391
0.11438957
0.10391643
0.11770129
0.115193844
0.07842262
0.10365197
0.110251635
0.099655025
0.105323665
0.14987315
0.10517283
0.061912324
0.11544504
0.11546405
0.13416846
0.13099751
0.14773166
0.13517839
0.09429068
0.06278499
0.05368884
0.065832235
0.08158305
0.08952864
0.15376599
0.18384993
0.13656504
0.101305775
0.09695961
0.119559154
0.08349798
0.09551409
0.11928548
0.16156192
0.13212325
0.11526818
0.11321797
0.09919761
0.09279314
0.09316946
0.11536221
0.13783056
0.14124887
0.10011398
0.09174553
0.08692117
0.08621766
0.08293014
0.11888157
0.11983887
0.18959217
0.11392094
0.10479047
0.09384549
0.0811498
0.075565286
0.08289742
0.111803286
0.12787949
0.16307504
0.15180281
0.10417522
0.10932241
0.07792727
0.099795334
0.09207294
0.077020995
0.124515705
0.11526736
0.14090581
0.1059812
0.11669175
0.094425194
0.13763335
0.08301641
0.092007175
0.10800414
0.11455315
0.09186701
0.10579741
0.09796584
0.1360303
0.13067326
0.09955659
0.117114976
0.11116836
0.10907381
0.12314807
0.09216718
0.10043247
0.09950537
0.13910492
0.09777245
0.1254618
0.12975442
0.12826145
0.09526606
0.08561536
0.13830607
0.09140405
0.12606294
0.1112157
0.11015197
0.11430271
0.14624387
0.106746115
0.09792438
0.13567308
0.12199726
0.122272775
0.11425251
0.1371669
0.1362956
0.11397538
0.11190265
0.10945069
0.10341304
0.06491182
0.13858798
0.11275276
0.105029434
0.091758735
0.12723075
0.09237776
0.13002342
0.10407639
0.1124065
0.12905334
0.12012055
0.14972359
0.09042143
0.12173254
0.12958986
0.093170874
0.109364845
0.106590405
0.120771006
0.111589804
0.08544206
0.12875079
0.1200992
0.103180476
0.16972707
0.10310204
0.117930934
0.09068727
0.079822525
0.11097261
0.08601268
0.09258001
0.12538026
0.14662214
0.12601845
0.116645366
0.11743278
0.09746021
0.096129976
0.09115836
0.11810496
0.1743985
0.14302011
